 4.88281250000000E-0004
 1.46484375000000E-0003
 2.92968750000000E-0003
 4.88281250000000E-0003
 7.32421875000000E-0003
 1.02539062500000E-0002
 1.36718750000000E-0002
 1.75781250000000E-0002
 2.19726562500000E-0002
 2.68554687500000E-0002
 3.22265625000000E-0002
 3.80859375000000E-0002
 4.44335937500000E-0002
 5.12695312500000E-0002
 5.85937500000000E-0002
 6.64062500000000E-0002
 7.47070312500000E-0002
 8.34960937500000E-0002
 9.27734375000000E-0002
 1.02539062500000E-0001
 1.12792968750000E-0001
 1.23535156250000E-0001
 1.34765625000000E-0001
 1.46484375000000E-0001
 1.58691406250000E-0001
 1.71386718750000E-0001
 1.84570312500000E-0001
 1.98242187500000E-0001
 2.12402343750000E-0001
 2.27050781250000E-0001
 2.42187500000000E-0001
 2.57812500000000E-0001
 2.71972656250000E-0001
 2.84667968750000E-0001
 2.95898437500000E-0001
 3.05664062500000E-0001
 3.13964843750000E-0001
 3.20800781250000E-0001
 3.26171875000000E-0001
 3.30078125000000E-0001
 3.32519531250000E-0001
 3.33496093750000E-0001
 3.33007812500000E-0001
 3.31054687500000E-0001
 3.27636718750000E-0001
 3.22753906250000E-0001
 3.16406250000000E-0001
 3.08593750000000E-0001
 2.99316406250000E-0001
 2.88574218750000E-0001
 2.76367187500000E-0001
 2.62695312500000E-0001
 2.47558593750000E-0001
 2.30957031250000E-0001
 2.12890625000000E-0001
 1.93359375000000E-0001
 1.72363281250000E-0001
 1.49902343750000E-0001
 1.25976562500000E-0001
 1.00585937500000E-0001
 7.37304687500000E-0002
 4.54101562500000E-0002
 1.56250000000000E-0002
-1.56250000000000E-0002
-4.54101562500000E-0002
-7.37304687500000E-0002
-1.00585937500000E-0001
-1.25976562500000E-0001
-1.49902343750000E-0001
-1.72363281250000E-0001
-1.93359375000000E-0001
-2.12890625000000E-0001
-2.30957031250000E-0001
-2.47558593750000E-0001
-2.62695312500000E-0001
-2.76367187500000E-0001
-2.88574218750000E-0001
-2.99316406250000E-0001
-3.08593750000000E-0001
-3.16406250000000E-0001
-3.22753906250000E-0001
-3.27636718750000E-0001
-3.31054687500000E-0001
-3.33007812500000E-0001
-3.33496093750000E-0001
-3.32519531250000E-0001
-3.30078125000000E-0001
-3.26171875000000E-0001
-3.20800781250000E-0001
-3.13964843750000E-0001
-3.05664062500000E-0001
-2.95898437500000E-0001
-2.84667968750000E-0001
-2.71972656250000E-0001
-2.57812500000000E-0001
-2.42187500000000E-0001
-2.27050781250000E-0001
-2.12402343750000E-0001
-1.98242187500000E-0001
-1.84570312500000E-0001
-1.71386718750000E-0001
-1.58691406250000E-0001
-1.46484375000000E-0001
-1.34765625000000E-0001
-1.23535156250000E-0001
-1.12792968750000E-0001
-1.02539062500000E-0001
-9.27734375000000E-0002
-8.34960937500000E-0002
-7.47070312500000E-0002
-6.64062500000000E-0002
-5.85937500000000E-0002
-5.12695312500000E-0002
-4.44335937500000E-0002
-3.80859375000000E-0002
-3.22265625000000E-0002
-2.68554687500000E-0002
-2.19726562500000E-0002
-1.75781250000000E-0002
-1.36718750000000E-0002
-1.02539062500000E-0002
-7.32421875000000E-0003
-4.88281250000000E-0003
-2.92968750000000E-0003
-1.46484375000000E-0003
-4.88281250000000E-0004
