 3.90625000000000E-0003
 1.17187500000000E-0002
 2.34375000000000E-0002
 3.90625000000000E-0002
 5.85937500000000E-0002
 8.20312500000000E-0002
 1.09375000000000E-0001
 1.40625000000000E-0001
 1.60156250000000E-0001
 1.67968750000000E-0001
 1.64062500000000E-0001
 1.48437500000000E-0001
 1.21093750000000E-0001
 8.20312500000000E-0002
 3.12500000000000E-0002
-3.12500000000000E-0002
-8.20312500000000E-0002
-1.21093750000000E-0001
-1.48437500000000E-0001
-1.64062500000000E-0001
-1.67968750000000E-0001
-1.60156250000000E-0001
-1.40625000000000E-0001
-1.09375000000000E-0001
-8.20312500000000E-0002
-5.85937500000000E-0002
-3.90625000000000E-0002
-2.34375000000000E-0002
-1.17187500000000E-0002
-3.90625000000000E-0003
