 1.95312500000000E-0003
 5.85937500000000E-0003
 1.17187500000000E-0002
 1.95312500000000E-0002
 2.92968750000000E-0002
 4.10156250000000E-0002
 5.46875000000000E-0002
 7.03125000000000E-0002
 8.78906250000000E-0002
 1.07421875000000E-0001
 1.28906250000000E-0001
 1.52343750000000E-0001
 1.77734375000000E-0001
 2.05078125000000E-0001
 2.34375000000000E-0001
 2.65625000000000E-0001
 2.91015625000000E-0001
 3.10546875000000E-0001
 3.24218750000000E-0001
 3.32031250000000E-0001
 3.33984375000000E-0001
 3.30078125000000E-0001
 3.20312500000000E-0001
 3.04687500000000E-0001
 2.83203125000000E-0001
 2.55859375000000E-0001
 2.22656250000000E-0001
 1.83593750000000E-0001
 1.38671875000000E-0001
 8.78906250000000E-0002
 3.12500000000000E-0002
-3.12500000000000E-0002
-8.78906250000000E-0002
-1.38671875000000E-0001
-1.83593750000000E-0001
-2.22656250000000E-0001
-2.55859375000000E-0001
-2.83203125000000E-0001
-3.04687500000000E-0001
-3.20312500000000E-0001
-3.30078125000000E-0001
-3.33984375000000E-0001
-3.32031250000000E-0001
-3.24218750000000E-0001
-3.10546875000000E-0001
-2.91015625000000E-0001
-2.65625000000000E-0001
-2.34375000000000E-0001
-2.05078125000000E-0001
-1.77734375000000E-0001
-1.52343750000000E-0001
-1.28906250000000E-0001
-1.07421875000000E-0001
-8.78906250000000E-0002
-7.03125000000000E-0002
-5.46875000000000E-0002
-4.10156250000000E-0002
-2.92968750000000E-0002
-1.95312500000000E-0002
-1.17187500000000E-0002
-5.85937500000000E-0003
-1.95312500000000E-0003
